Datetime,Water Level (m)
2026-04-22 00:00:00,-0.1910675
2026-04-22 01:00:00,-0.42216742
2026-04-22 02:00:00,-0.5925861
2026-04-22 03:00:00,-0.71032715
2026-04-22 04:00:00,-0.7544536
2026-04-22 05:00:00,-0.56271255
2026-04-22 06:00:00,-0.05918503
2026-04-22 07:00:00,0.3411019
2026-04-22 08:00:00,0.6552815
2026-04-22 09:00:00,0.8690343
2026-04-22 10:00:00,0.87132335
2026-04-22 11:00:00,0.6438101
2026-04-22 12:00:00,0.28379667
2026-04-22 13:00:00,-0.000947126
2026-04-22 14:00:00,-0.20636201
2026-04-22 15:00:00,-0.36842406
2026-04-22 16:00:00,-0.48900312
2026-04-22 17:00:00,-0.5206516
2026-04-22 18:00:00,-0.35574156
2026-04-22 19:00:00,-0.018420134
2026-04-22 20:00:00,0.22574535
2026-04-22 21:00:00,0.38367063
2026-04-22 22:00:00,0.4317051
2026-04-22 23:00:00,0.3043185
2026-04-23 00:00:00,0.02663286
2026-04-23 01:00:00,-0.23408529
2026-04-23 02:00:00,-0.42193827
2026-04-23 03:00:00,-0.5626877
2026-04-23 04:00:00,-0.6601599
2026-04-23 05:00:00,-0.6704892
2026-04-23 06:00:00,-0.3618107
2026-04-23 07:00:00,0.05088823
2026-04-23 08:00:00,0.3465291
2026-04-23 09:00:00,0.5670437
2026-04-23 10:00:00,0.69613326
2026-04-23 11:00:00,0.6697162
2026-04-23 12:00:00,0.5090662
2026-04-23 13:00:00,0.2398658
2026-04-23 14:00:00,0.005074897
2026-04-23 15:00:00,-0.17343429
2026-04-23 16:00:00,-0.31190428
2026-04-23 17:00:00,-0.4251568
2026-04-23 18:00:00,-0.46489435
2026-04-23 19:00:00,-0.36137444
2026-04-23 20:00:00,-0.08749849
2026-04-23 21:00:00,0.1278045
2026-04-23 22:00:00,0.24675882
2026-04-23 23:00:00,0.2743094
2026-04-24 00:00:00,0.17808858
2026-04-24 01:00:00,-0.022497306
2026-04-24 02:00:00,-0.23143576
2026-04-24 03:00:00,-0.38102868
2026-04-24 04:00:00,-0.48989052
2026-04-24 05:00:00,-0.5569486
2026-04-24 06:00:00,-0.5401436
2026-04-24 07:00:00,-0.29954386
2026-04-24 08:00:00,0.03090307
2026-04-24 09:00:00,0.27686659
2026-04-24 10:00:00,0.4653858
2026-04-24 11:00:00,0.5827529
2026-04-24 12:00:00,0.58610386
2026-04-24 13:00:00,0.47900298
2026-04-24 14:00:00,0.25656143
2026-04-24 15:00:00,0.015438886
2026-04-24 16:00:00,-0.16838658
2026-04-24 17:00:00,-0.30155936
2026-04-24 18:00:00,-0.39353415
2026-04-24 19:00:00,-0.41567308
2026-04-24 20:00:00,-0.35033268
2026-04-24 21:00:00,-0.18538027
2026-04-24 22:00:00,0.009596261
2026-04-24 23:00:00,0.14279525
2026-04-25 00:00:00,0.21013303
2026-04-25 01:00:00,0.2121815
2026-04-25 02:00:00,0.12987864
2026-04-25 03:00:00,-0.049094558
2026-04-25 04:00:00,-0.24115534
2026-04-25 05:00:00,-0.37863272
2026-04-25 06:00:00,-0.4636687
2026-04-25 07:00:00,-0.48165283
2026-04-25 08:00:00,-0.37964362
2026-04-25 09:00:00,-0.08260507
2026-04-25 10:00:00,0.17517869
2026-04-25 11:00:00,0.35271665
2026-04-25 12:00:00,0.47972405
2026-04-25 13:00:00,0.5209424
2026-04-25 14:00:00,0.4745218
2026-04-25 15:00:00,0.3306985
2026-04-25 16:00:00,0.10426135
2026-04-25 17:00:00,-0.09490272
2026-04-25 18:00:00,-0.25171682
2026-04-25 19:00:00,-0.37034497
2026-04-25 20:00:00,-0.45176852
2026-04-25 21:00:00,-0.44681135
2026-04-25 22:00:00,-0.2686325
2026-04-25 23:00:00,0.018420232
2026-04-26 00:00:00,0.2113534
2026-04-26 01:00:00,0.33379367
2026-04-26 02:00:00,0.40571406
2026-04-26 03:00:00,0.37656462
2026-04-26 04:00:00,0.23556672
2026-04-26 05:00:00,0.010873896
2026-04-26 06:00:00,-0.16750905
2026-04-26 07:00:00,-0.29440415
2026-04-26 08:00:00,-0.36401793
2026-04-26 09:00:00,-0.35963452
2026-04-26 10:00:00,-0.17635693
2026-04-26 11:00:00,0.15731803
2026-04-26 12:00:00,0.4038804
2026-04-26 13:00:00,0.5775059
2026-04-26 14:00:00,0.67230237
2026-04-26 15:00:00,0.6569632
2026-04-26 16:00:00,0.52196395
2026-04-26 17:00:00,0.24689627
2026-04-26 18:00:00,-0.019375943
2026-04-26 19:00:00,-0.21564808
2026-04-26 20:00:00,-0.350082
2026-04-26 21:00:00,-0.44972572
2026-04-26 22:00:00,-0.45920384
2026-04-26 23:00:00,-0.20765343
2026-04-27 00:00:00,0.1573839
2026-04-27 01:00:00,0.40627587
2026-04-27 02:00:00,0.5843275
2026-04-27 03:00:00,0.6877116
2026-04-27 04:00:00,0.66475314
2026-04-27 05:00:00,0.50271046
2026-04-27 06:00:00,0.22704804
2026-04-27 07:00:00,-0.0026021248
2026-04-27 08:00:00,-0.17594738
2026-04-27 09:00:00,-0.28732955
2026-04-27 10:00:00,-0.3299861
2026-04-27 11:00:00,-0.16472588
2026-04-27 12:00:00,0.2340994
2026-04-27 13:00:00,0.5310254
2026-04-27 14:00:00,0.74894077
2026-04-27 15:00:00,0.8808754
2026-04-27 16:00:00,0.8271836
2026-04-27 17:00:00,0.5898981
2026-04-27 18:00:00,0.25237438
2026-04-27 19:00:00,0.0037464267
2026-04-27 20:00:00,-0.1902539
2026-04-27 21:00:00,-0.3307134
2026-04-27 22:00:00,-0.4376539
2026-04-27 23:00:00,-0.4582248
2026-04-28 00:00:00,-0.1337106
